((("ifndef" .
   [0 0 0 2 0 0])
  ("std" .
   [6 0 0])
  ("key" .
   [6 0 0])
  ("const" .
   [0 0 1 0 0])
  ("bool" .
   [3 0 0 0])
  ("RecordType" .
   [0 0 0 1 0 1 1 0 0 0])
  ("class" .
   [1 0 0 0 0])
  ("size_t" .
   [4 0 0 1 0 0])
  ("static" .
   [0 0 0 0 1 0])
  ("CAPACITY" .
   [0 1 0 0 0 0 0 0])
  ("used" .
   [1 0 0 0])
  ("update" .
   [3 0 0 0 0 0])
  ("sudo" .
   [16 0 0 0])
  ("apt-get" .
   [5 0 0 3 0 1 0])
  ("nodejs" .
   [2 0 0 0 0 0])
  ("install" .
   [13 0 0 0 0 0 0])
  ("npm" .
   [11 0 0])
  ("cordova" .
   [2 0 0 1 0 1 0])
  ("ionic" .
   [2 0 0 0 0])
  ("clear" .
   [11 0 0 0 0])))
